8424952832505495644651251408417279630116120337933964559205183882949354415521358268131182239804515536
9115330247852022512283099658148772224110782382156722744105015504780281722735456682796380658122843577
8207212359389308508620800159368216882762074840994032594179447552156152154771103095890673544597506298
2621331021943983258372775509511342871864736045439805977314912942916079475237854494790996019232642763
4288887964456511848388609716754829601376805926496330345935383579799030864069922703740661030374955596
3262671040352284177415909855392761642004611925218945376805641511043115586022629451887927814025314574
6246360084927158443067155991016237800314843145046361834075033036037556946459761549257584585413015872
5901999545978627404950290708461265118325623174548321623074096836128976997786338565331677833183376704
3435834734766213287817124594975222574057646923285390945227133448121947845698227458452591740879330295
4732863718693036315370899875549835320834481345631288191958772034534270138841756427345020523317642761
5187016677439188171292311761435006122510744474833947259658203309365043377424719769094267724576084249
2771607636702490819766911946564282441514356885567584159393789995390125465156510842518664132070247733
8998454435882056353445752235373790562351003382086338677123653417012837220950123964147443431631085459
2
4970123969257653692511123504948533504549708115418974411536895937652852445428800446370504638106554106
9877071321095725221819437259449235678687279616554633158511848804090975396472953681196099326759780682
6970489379836332775780664778848168596013088189052840404159776899834572399565124125561543989671372883
4312719538892432093417031828173981774648541453812749580072819101018222852411932046740342391557435264
3583357484923629103303792576606336477600135033923456254906983032776186145276920699920495953190561190
7177031471662413012226692593108737155669322038108487312389801631863140052521288357665956796204356969
5776820775622400485779492375763611554090565692208198240908200076871194129187200995765712554664661828
4181506239986183918745182953697739289185526222869944506989236754638056793565489745522233278413869270
2441399841828837798307153761254732764818503590387667133454695783603610956366857983192785479545350525
3875451071788677651046012919191734286656616894553736449818647366247702655544573613830341455506551436
4913786578989365103180870813650900016948837151013887188029775587112563844295774149789764998036464079
4512144714493924612920156769940684921778321339603322834095763277960223137170352180731077605298537801
3469303089546049019406678623181154245287516273087253887630964993791770074182807999676059834728814298
8485915981409963685761181681640849843871411773634925283505033744813722978905186833228641131678999275
2098529276269758745412119463354654890203321763111927788112341013959129364024677784379559060488947735
9205489120412180041272703551599368021489975922558286008953684543770909945917260426508084559348937855
6059199305675217636496499575741192226834938847963812883970007859349817585402134105273968809186458645
5264493018317864929228480537709358400529498936625028365582260146774463686070002891332734585287118050
9615041369620965904062323031949424741795118999377023081413741791159819028711766806554194872086222988
2945539585835245387614348066180200391053195460085394684970286405450307146378812541843413879652297556
6957925965963207047840562022825856942408321305698787599430331172295620206358501866994962059685675952
7741580895167017678248454945415578762359221318415739435347983408994063627864914545786852863376997949
8116427596769150644539850950680226020463766092308426707627045738648155252029671062511374939545534395
3654072604369792040675680531232893339576220490842693506020354108252197968616803767949960867336809442
7463095336997136877331205682486002158038036366365239104193928633454010128908021165178217929291031012
7021112016482472190991440423142550003058197088260455458772907893435856540555934801149378231842832613
6814456295773146617967806244399522417500037301919306937149081897880278598543832372853883242534554904
